Map from character to field name
A:	
B:	RUS/Siberia
C:	RUS/Stavropol-Krai
D:	RUS/Yakutia
E:	RUS/Yamal
F:	USA/California
G:	?


Substitution rate (mu): 89.282973

Equilibrium frequencies (pi_i):
  A: 0.2622
  B: 0.1482
  C: 0.1482
  D: 0.1556
  E: 0.1456
  F: 0.1401

Symmetrized rates from j->i (W_ij):
	A	B	C	D	E	F
  A	0	1.2871	1.2871	1.6083	1.4473	1.4487
  B	1.2871	0	0.9693	1.2922	0.9688	0.9693
  C	1.2871	0.9693	0	1.2921	0.9688	0.9693
  D	1.6083	1.2922	1.2921	0	0.9688	0.9692
  E	1.4473	0.9688	0.9688	0.9688	0	0.9689
  F	1.4487	0.9693	0.9693	0.9692	0.9689	0

Actual rates from j->i (Q_ij):
	A	B	C	D	E	F
  A	0	0.3375	0.3375	0.4218	0.3795	0.3799
  B	0.1908	0	0.1437	0.1915	0.1436	0.1437
  C	0.1908	0.1437	0	0.1915	0.1436	0.1437
  D	0.2503	0.2011	0.2011	0	0.1508	0.1508
  E	0.2107	0.1411	0.1411	0.1411	0	0.1411
  F	0.2029	0.1358	0.1358	0.1358	0.1357	0
